image_width: 320
image_height: 240
camera_name: camera
camera_matrix:
  rows: 3
  cols: 3
  data: [288.643845, 0.000000, 163.114111, 0.000000, 289.521782, 123.364156, 0.000000, 0.000000, 1.000000]
distortion_model: plumb_bob
distortion_coefficients:
  rows: 1
  cols: 5
  data: [0.084584, -0.146617, 0.001790, 0.000711, 0.000000]
rectification_matrix:
  rows: 3
  cols: 3
  data: [1.000000, 0.000000, 0.000000, 0.000000, 1.000000, 0.000000, 0.000000, 0.000000, 1.000000]
projection_matrix:
  rows: 3
  cols: 4
  data: [292.252441, 0.000000, 163.328932, 0.000000, 0.000000, 293.153564, 123.703437, 0.000000, 0.000000, 0.000000, 1.000000, 0.000000]
